[gd_scene load_steps=7 format=3 uid="uid://g4ninfo5r47c"]

[ext_resource type="PackedScene" uid="uid://8c8hxvsb0soh" path="res://player.tscn" id="1_vhhfr"]
[ext_resource type="PackedScene" uid="uid://c4w7gmmwxgk5k" path="res://tree.tscn" id="3_gj5my"]

[sub_resource type="BoxShape3D" id="BoxShape3D_6l8s6"]

[sub_resource type="BoxMesh" id="BoxMesh_kik3e"]

[sub_resource type="PhysicsMaterial" id="PhysicsMaterial_ck8hw"]
friction = 0.0

[sub_resource type="Environment" id="Environment_buls0"]
background_mode = 1
background_color = Color(0.729412, 0.819608, 1, 1)

[node name="Main" type="Node3D"]

[node name="Ground" type="StaticBody3D" parent="."]
transform = Transform3D(12, 0, 0, 0, 0.281908, 10.2606, 0, -0.102606, 28.1908, 0, 0, 0)

[node name="CollisionShape3D" type="CollisionShape3D" parent="Ground"]
transform = Transform3D(1, 0, 0, 0, 1, 0, 0, -4.65661e-10, 1, 0, 0, 0)
shape = SubResource("BoxShape3D_6l8s6")

[node name="MeshInstance3D" type="MeshInstance3D" parent="Ground"]
mesh = SubResource("BoxMesh_kik3e")

[node name="Player" parent="." instance=ExtResource("1_vhhfr")]
transform = Transform3D(-0.999886, 0, 0.0151313, -0.0049108, 0.94587, -0.324508, -0.0143123, -0.324545, -0.945762, 0, 6.69287, 12.6844)
physics_material_override = SubResource("PhysicsMaterial_ck8hw")
max_contacts_reported = 5

[node name="Tree" parent="." groups=["Tree"] instance=ExtResource("3_gj5my")]

[node name="Tree2" parent="." groups=["Tree"] instance=ExtResource("3_gj5my")]
transform = Transform3D(1, 0, 0, 0, 1, 0, 0, 0, 1, 4.36673, 0, 0)

[node name="Tree3" parent="." groups=["Tree"] instance=ExtResource("3_gj5my")]
transform = Transform3D(1, 0, 0, 0, 1, 0, 0, 0, 1, -4.32319, 0.262377, 1.84106)

[node name="Tree4" parent="." groups=["Tree"] instance=ExtResource("3_gj5my")]
transform = Transform3D(1, 0, 0, 0, 1, 0, 0, 0, 1, 0.58071, 2.47798, 8.35775)

[node name="Tree5" parent="." groups=["Tree"] instance=ExtResource("3_gj5my")]
transform = Transform3D(1, 0, 0, 0, 1, 0, 0, 0, 1, -3.63318, 2.63362, 8.82261)

[node name="Tree6" parent="." groups=["Tree"] instance=ExtResource("3_gj5my")]
transform = Transform3D(1, 0, 0, 0, 1, 0, 0, 0, 1, 3.22107, 2.1528, 7.4613)

[node name="Tree7" parent="." groups=["Tree"] instance=ExtResource("3_gj5my")]
transform = Transform3D(1, 0, 0, 0, 1, 0, 0, 0, 1, 2.0208, -2.77742, -7.64925)

[node name="Tree8" parent="." groups=["Tree"] instance=ExtResource("3_gj5my")]
transform = Transform3D(1, 0, 0, 0, 1, 0, 0, 0, 1, -2.15026, -3.02404, -8.15627)

[node name="Tree9" parent="." groups=["Tree"] instance=ExtResource("3_gj5my")]
transform = Transform3D(0.999999, 0.00157952, -0.00048645, -0.00157765, 0.999991, 0.00379228, 0.000492456, -0.00379151, 0.999993, 0, -4.51784, -12.3444)

[node name="Tree10" parent="." groups=["Tree"] instance=ExtResource("3_gj5my")]
transform = Transform3D(1, 0, 0, 0, 1, 0, 0, 0, 1, -4.34285, -4.16824, -10.0342)

[node name="Tree11" parent="." groups=["Tree"] instance=ExtResource("3_gj5my")]
transform = Transform3D(1, 0, 0, 0, 1, 0, 0, 0, 1, 4.60398, -4.20205, -10.0342)

[node name="DirectionalLight3D" type="DirectionalLight3D" parent="."]
transform = Transform3D(1, 0, 0, 0, -0.618628, 0.785684, 0, -0.785684, -0.618628, 0, 16, -11)
shadow_enabled = true

[node name="WorldEnvironment" type="WorldEnvironment" parent="."]
environment = SubResource("Environment_buls0")
